{
 "cells": [
  {
   "cell_type": "markdown",
   "id": "275297e6",
   "metadata": {},
   "source": [
    "# Diabetes Dataset Classification"
   ]
  },
  {
   "cell_type": "markdown",
   "id": "ebcc1001",
   "metadata": {},
   "source": [
    "LOAD DATA"
   ]
  },
  {
   "cell_type": "code",
   "execution_count": null,
   "id": "c113f65e",
   "metadata": {},
   "outputs": [],
   "source": [
    "import importlib\n",
    "import functions\n",
    "importlib.reload(functions)\n",
    "import pandas as pd\n",
    "import numpy as np\n",
    "import matplotlib.pyplot as plt\n",
    "from sklearn.model_selection import train_test_split\n",
    "from sklearn.preprocessing import StandardScaler\n",
    "from sklearn.impute import SimpleImputer\n",
    "from sklearn.pipeline import Pipeline\n",
    "from sklearn.neighbors import KNeighborsClassifier\n",
    "from sklearn.linear_model import LogisticRegression\n",
    "from sklearn.ensemble import RandomForestClassifier\n",
    "import torch \n",
    "import torch.nn as nn\n",
    "import torch.optim as optim\n",
    "from functions import scaled_tensorize_data, datasets_and_loaders, train_model\n",
    "from sklearn.metrics import accuracy_score, classification_report, confusion_matrix\n",
    "\n",
    "\n",
    "\n",
    "diabetes_data = pd.read_csv('DATASET\\diabetes_binary_health_indicators_BRFSS2015.csv')\n",
    "\n",
    "Y = diabetes_data[\"Diabetes_binary\"]\n",
    "X = diabetes_data.drop(\"Diabetes_binary\", axis=1)\n",
    "y = diabetes_data[\"Diabetes_binary\"]\n",
    "\n",
    "# Transform the dataset into numpy arrays\n",
    "X = X.to_numpy()\n",
    "Y = Y.to_numpy()\n",
    "\n"
   ]
  },
  {
   "cell_type": "code",
   "execution_count": 4,
   "id": "251dd3c2",
   "metadata": {},
   "outputs": [
    {
     "name": "stdout",
     "output_type": "stream",
     "text": [
      "(152208, 21)\n"
     ]
    }
   ],
   "source": [
    "X_train, X_test, Y_train, Y_test = train_test_split(X,Y, test_size=0.2, random_state=42, stratify=y)\n",
    "\n",
    "X_train, X_val, Y_train, Y_val = train_test_split(X_train, Y_train, test_size=0.25, random_state=42, stratify=Y_train)\n",
    "\n",
    "print(X_train.shape)"
   ]
  },
  {
   "cell_type": "markdown",
   "id": "170e4bf9-c036-40c9-9618-5459bed5b6e6",
   "metadata": {},
   "source": [
    "### LDA classification"
   ]
  },
  {
   "cell_type": "code",
   "execution_count": 4,
   "id": "7e3e1b36-0576-48c2-abc5-5a89df8e18cf",
   "metadata": {
    "scrolled": true
   },
   "outputs": [
    {
     "name": "stdout",
     "output_type": "stream",
     "text": [
      "class' means : [[3.77068702e-01 3.83473282e-01 9.57900763e-01 2.77905038e+01\n",
      "  4.29946565e-01 3.17175573e-02 7.33740458e-02 7.77969466e-01\n",
      "  6.43106870e-01 8.19480916e-01 6.09236641e-02 9.50099237e-01\n",
      "  8.07175573e-02 2.38610687e+00 2.98323664e+00 3.64916794e+00\n",
      "  1.34725191e-01 4.34541985e-01 7.82227481e+00 5.09689313e+00\n",
      "  6.18895420e+00]\n",
      " [7.53489249e-01 6.72482082e-01 9.93304413e-01 3.20051867e+01\n",
      "  5.16408902e-01 9.15692192e-02 2.22981894e-01 6.30799698e-01\n",
      "  5.81242927e-01 7.57638627e-01 2.31044889e-02 9.59685025e-01\n",
      "  1.05997737e-01 3.29154093e+00 4.45006601e+00 7.95478121e+00\n",
      "  3.72453791e-01 4.78215768e-01 9.38339306e+00 4.74269144e+00\n",
      "  5.19596379e+00]]\n",
      "class' covariance : [[ 2.45033827e-01  7.33173221e-02  9.47249805e-03  6.93848526e-01\n",
      "   2.31212101e-02  1.24910930e-02  3.02239023e-02 -2.61875727e-02\n",
      "  -9.94844701e-03 -1.16883595e-02 -5.02228955e-04  3.96166653e-03\n",
      "   2.51451369e-03  1.58587258e-01  2.07364107e-01  7.03182333e-01\n",
      "   4.15794730e-02  1.27428415e-02  5.17173405e-01 -6.82885061e-02\n",
      "  -1.74582735e-01]\n",
      " [ 7.33173221e-02  2.44186400e-01  8.06212185e-03  3.48319415e-01\n",
      "   2.11732878e-02  8.69501347e-03  2.61493142e-02 -1.69251184e-02\n",
      "  -9.95032544e-03 -7.99109512e-03 -1.10062484e-03  4.15424150e-03\n",
      "   1.71985213e-03  1.10332460e-01  2.24465269e-01  5.18959223e-01\n",
      "   2.68859274e-02  7.65970727e-03  4.07322867e-01 -3.54333296e-02\n",
      "  -8.76125347e-02]\n",
      " [ 9.47249805e-03  8.06212185e-03  3.57851514e-02  4.35195807e-02\n",
      "  -9.17439984e-04  8.84339111e-04  2.47032749e-03  1.77198524e-04\n",
      "   2.08461542e-03  3.88011752e-04 -1.08513228e-03  4.72558495e-03\n",
      "  -3.13030538e-03  9.30239333e-03 -8.12474793e-03  5.39536359e-02\n",
      "   2.92708783e-03 -2.03256990e-03  5.20942923e-02  3.89926707e-05\n",
      "   5.45452747e-03]\n",
      " [ 6.93848526e-01  3.48319415e-01  4.35195807e-02  4.31833332e+01\n",
      "   3.94084213e-02  2.55757031e-02  1.05498122e-01 -4.11259894e-01\n",
      "  -2.80281029e-01 -1.63698535e-01 -7.13633389e-02 -2.64679197e-02\n",
      "   1.05352377e-01  1.67985522e+00  4.17751040e+00  6.87259213e+00\n",
      "   4.86462537e-01  1.38763733e-01 -7.38396319e-01 -6.78224174e-01\n",
      "  -1.38435240e+00]\n",
      " [ 2.31212101e-02  2.11732878e-02 -9.17439984e-04  3.94084213e-02\n",
      "   2.46636907e-01  6.26228421e-03  1.67821860e-02 -1.87991026e-02\n",
      "  -1.84821600e-02 -6.29984844e-03  1.13126866e-02 -2.63313420e-03\n",
      "   6.81804942e-03  8.80136753e-02  3.39741153e-01  5.07067646e-01\n",
      "   2.29814733e-02  2.35258459e-02  1.77645202e-01 -8.05171083e-02\n",
      "  -1.30649672e-01]\n",
      " [ 1.24910930e-02  8.69501347e-03  8.84339111e-04  2.55757031e-02\n",
      "   6.26228421e-03  3.84527144e-02  1.16587422e-02 -5.80955398e-03\n",
      "  -1.06741048e-03 -3.04741766e-03 -6.52552627e-04  2.50327155e-04\n",
      "   2.09181442e-03  3.62842283e-02  1.02144392e-01  2.51383168e-01\n",
      "   1.29272837e-02  3.77744486e-04  7.45325418e-02 -1.47486821e-02\n",
      "  -5.15842186e-02]\n",
      " [ 3.02239023e-02  2.61493142e-02  2.47032749e-03  1.05498122e-01\n",
      "   1.67821860e-02  1.16587422e-02  8.53429510e-02 -1.11741486e-02\n",
      "  -3.02994160e-03 -4.26788375e-03 -1.95875038e-03  1.14628372e-03\n",
      "   2.80482725e-03  8.02170184e-02  1.39286410e-01  4.65305487e-01\n",
      "   2.29219010e-02  1.25944529e-02  1.97016635e-01 -2.83612063e-02\n",
      "  -8.58146229e-02]\n",
      " [-2.61875727e-02 -1.69251184e-02  1.77198524e-04 -4.11259894e-01\n",
      "  -1.87991026e-02 -5.80955398e-03 -1.11741486e-02  1.83713768e-01\n",
      "   2.86302387e-02  2.52344400e-02  1.31089199e-03  3.31896679e-03\n",
      "  -7.24800190e-03 -1.21493652e-01 -3.96971784e-01 -8.22225456e-01\n",
      "  -4.05282067e-02  6.91950691e-03 -1.16788034e-01  8.35178035e-02\n",
      "   1.75627756e-01]\n",
      " [-9.94844701e-03 -9.95032544e-03  2.08461542e-03 -2.80281029e-01\n",
      "  -1.84821600e-02 -1.06741048e-03 -3.02994160e-03  2.86302387e-02\n",
      "   2.31914766e-01  4.81029931e-02 -3.92057873e-03  3.26613122e-03\n",
      "  -5.92214906e-03 -5.41012389e-02 -2.49246393e-01 -1.90030293e-01\n",
      "  -8.31679443e-03 -2.11628954e-02  9.66047037e-02  5.24867578e-02\n",
      "   7.95286385e-02]\n",
      " [-1.16883595e-02 -7.99109512e-03  3.88011752e-04 -1.63698535e-01\n",
      "  -6.29984844e-03 -3.04741766e-03 -4.26788375e-03  2.52344400e-02\n",
      "   4.81029931e-02  1.53364531e-01  1.72902936e-03  2.43029089e-03\n",
      "  -3.56027806e-03 -5.08181834e-02 -1.73591527e-01 -2.10792544e-01\n",
      "  -1.16943080e-02 -1.25961441e-02 -8.70133264e-03  5.99813906e-02\n",
      "   1.22757401e-01]\n",
      " [-5.02228955e-04 -1.10062484e-03 -1.08513228e-03 -7.13633389e-02\n",
      "   1.13126866e-02 -6.52552627e-04 -1.95875038e-03  1.31089199e-03\n",
      "  -3.92057873e-03  1.72902936e-03  5.25570708e-02 -5.55853913e-04\n",
      "   1.86608151e-04 -8.65535891e-03  4.19342456e-02 -5.49190887e-02\n",
      "  -3.31687158e-03  8.63601188e-04 -2.48220970e-02  5.58638497e-03\n",
      "   2.46993091e-02]\n",
      " [ 3.96166653e-03  4.15424150e-03  4.72558495e-03 -2.64679197e-02\n",
      "  -2.63313420e-03  2.50327155e-04  1.14628372e-03  3.31896679e-03\n",
      "   3.26613122e-03  2.43029089e-03 -5.55853913e-04  4.62068540e-02\n",
      "  -1.39106481e-02 -9.77175109e-03 -8.76052076e-02 -1.97474623e-02\n",
      "   3.07093116e-04 -2.06221135e-03  8.93004851e-02  2.62104714e-02\n",
      "   7.03252807e-02]\n",
      " [ 2.51451369e-03  1.71985213e-03 -3.13030538e-03  1.05352377e-01\n",
      "   6.81804942e-03  2.09181442e-03  2.80482725e-03 -7.24800190e-03\n",
      "  -5.92214906e-03 -3.56027806e-03  1.86608151e-04 -1.39106481e-02\n",
      "   7.71441187e-02  4.94768568e-02  3.87330140e-01  3.65443936e-01\n",
      "   1.23570979e-02 -6.07543171e-03 -1.02007408e-01 -2.76765231e-02\n",
      "  -1.17811481e-01]\n",
      " [ 1.58587258e-01  1.10332460e-01  9.30239333e-03  1.67985522e+00\n",
      "   8.80136753e-02  3.62842283e-02  8.02170184e-02 -1.21493652e-01\n",
      "  -5.41012389e-02 -5.08181834e-02 -8.65535891e-03 -9.77175109e-03\n",
      "   4.94768568e-02  1.14084831e+00  2.38954330e+00  4.86834996e+00\n",
      "   1.81368961e-01 -3.06261321e-03  4.90379576e-01 -2.99820360e-01\n",
      "  -8.15008254e-01]\n",
      " [ 2.07364107e-01  2.24465269e-01 -8.12474793e-03  4.17751040e+00\n",
      "   3.39741153e-01  1.02144392e-01  1.39286410e-01 -3.96971784e-01\n",
      "  -2.49246393e-01 -1.73591527e-01  4.19342456e-02 -8.76052076e-02\n",
      "   3.87330140e-01  2.38954330e+00  5.51480365e+01  2.30112915e+01\n",
      "   6.47865924e-01 -3.03198892e-01 -2.12778258e+00 -7.54463367e-01\n",
      "  -3.21029813e+00]\n",
      " [ 7.03182333e-01  5.18959223e-01  5.39536359e-02  6.87259213e+00\n",
      "   5.07067646e-01  2.51383168e-01  4.65305487e-01 -8.22225456e-01\n",
      "  -1.90030293e-01 -2.10792544e-01 -5.49190887e-02 -1.97474623e-02\n",
      "   3.65443936e-01  4.86834996e+00  2.30112915e+01  7.60498129e+01\n",
      "   1.55493613e+00 -1.89800360e-01  2.59986887e+00 -1.34871221e+00\n",
      "  -4.82625811e+00]\n",
      " [ 4.15794730e-02  2.68859274e-02  2.92708783e-03  4.86462537e-01\n",
      "   2.29814733e-02  1.29272837e-02  2.29219010e-02 -4.05282067e-02\n",
      "  -8.31679443e-03 -1.16943080e-02 -3.31687158e-03  3.07093116e-04\n",
      "   1.23570979e-02  1.81368961e-01  6.47865924e-01  1.55493613e+00\n",
      "   1.39676803e-01 -1.33840510e-02  2.31791817e-01 -7.18728918e-02\n",
      "  -2.50912291e-01]\n",
      " [ 1.27428415e-02  7.65970727e-03 -2.03256990e-03  1.38763733e-01\n",
      "   2.35258459e-02  3.77744486e-04  1.25944529e-02  6.91950691e-03\n",
      "  -2.11628954e-02 -1.25961441e-02  8.63601188e-04 -2.06221135e-03\n",
      "  -6.07543171e-03 -3.06261321e-03 -3.03198892e-01 -1.89800360e-01\n",
      "  -1.33840510e-02  2.46476502e-01 -3.82628890e-02  1.01481592e-02\n",
      "   1.30846342e-01]\n",
      " [ 5.17173405e-01  4.07322867e-01  5.20942923e-02 -7.38396319e-01\n",
      "   1.77645202e-01  7.45325418e-02  1.97016635e-01 -1.16788034e-01\n",
      "   9.66047037e-02 -8.70133264e-03 -2.48220970e-02  8.93004851e-02\n",
      "  -1.02007408e-01  4.90379576e-01 -2.12778258e+00  2.59986887e+00\n",
      "   2.31791817e-01 -3.82628890e-02  9.30024221e+00 -3.03369431e-01\n",
      "  -8.08448070e-01]\n",
      " [-6.82885061e-02 -3.54333296e-02  3.89926707e-05 -6.78224174e-01\n",
      "  -8.05171083e-02 -1.47486821e-02 -2.83612063e-02  8.35178035e-02\n",
      "   5.24867578e-02  5.99813906e-02  5.58638497e-03  2.62104714e-02\n",
      "  -2.76765231e-02 -2.99820360e-01 -7.54463367e-01 -1.34871221e+00\n",
      "  -7.18728918e-02  1.01481592e-02 -3.03369431e-01  9.75382204e-01\n",
      "   9.23892415e-01]\n",
      " [-1.74582735e-01 -8.76125347e-02  5.45452747e-03 -1.38435240e+00\n",
      "  -1.30649672e-01 -5.15842186e-02 -8.58146229e-02  1.75627756e-01\n",
      "   7.95286385e-02  1.22757401e-01  2.46993091e-02  7.03252807e-02\n",
      "  -1.17811481e-01 -8.15008254e-01 -3.21029813e+00 -4.82625811e+00\n",
      "  -2.50912291e-01  1.30846342e-01 -8.08448070e-01  9.23892415e-01\n",
      "   4.30021856e+00]]\n"
     ]
    }
   ],
   "source": [
    "# classification\n",
    "class_means,class_cov = functions.LDA_classifier_train_cov(X_train, Y_train,2)\n",
    "predicted_labels = functions.LDA_classifier_predict_cov(X_test,class_means,class_cov,2)\n"
   ]
  },
  {
   "cell_type": "code",
   "execution_count": null,
   "id": "4a1dc340-30cb-48f5-9039-79f80da5800a",
   "metadata": {},
   "outputs": [
    {
     "name": "stdout",
     "output_type": "stream",
     "text": [
      "training_accuracy : 0.7444943761168926\n",
      "test_accuracy : 0.7431212551245664\n"
     ]
    }
   ],
   "source": [
    "# train and test accuracies\n",
    "training_accuracy, test_accuracy = functions.train_test_accuracy_cov(X_train,Y_train,X_test,Y_test, class_means, class_cov, functions.LDA_classifier_predict_cov)\n",
    "\n",
    "print(\"training_accuracy :\", training_accuracy)\n",
    "print(\"test_accuracy :\", test_accuracy)\n",
    "\n",
    "# Confusion Matrix\n",
    "cm = confusion_matrix(Y_test, predicted_labels)\n",
    "print(\"Confusion Matrix:\\n\", cm)\n",
    "\n",
    "# Classification Report\n",
    "cr = classification_report(Y_test, predicted_labels)\n",
    "print(\"Classification Report:\\n\", cr)"
   ]
  },
  {
   "cell_type": "markdown",
   "id": "858ff34a-38a3-4877-9452-a8393aed160b",
   "metadata": {},
   "source": [
    "### QDA classification"
   ]
  },
  {
   "cell_type": "code",
   "execution_count": null,
   "id": "000acc21-a062-4857-87f7-f35d69135d39",
   "metadata": {},
   "outputs": [],
   "source": [
    "# using QDA classifier\n",
    "class_means,cov = functions.QDA_classifier_train(X_train, Y_train,2)\n",
    "predicted_labels = functions.QDA_classifier_predict(X_test,class_means,cov,2)"
   ]
  },
  {
   "cell_type": "code",
   "execution_count": null,
   "id": "57904776-8dd8-415b-9480-d3dcb01e7d64",
   "metadata": {},
   "outputs": [
    {
     "name": "stdout",
     "output_type": "stream",
     "text": [
      "training_accuracy : 0.6553926206244087\n",
      "test_accuracy : 0.6553729107537054\n"
     ]
    }
   ],
   "source": [
    "# train and test accuracies\n",
    "training_accuracy, test_accuracy = functions.train_test_accuracy_cov(X_train,Y_train,X_test,Y_test, class_means, cov, functions.QDA_classifier_predict)\n",
    "\n",
    "print(\"training_accuracy :\", training_accuracy)\n",
    "print(\"test_accuracy :\", test_accuracy)\n",
    "\n",
    "# Confusion Matrix\n",
    "cm = confusion_matrix(Y_test, predicted_labels)\n",
    "print(\"Confusion Matrix:\\n\", cm)\n",
    "\n",
    "# Classification Report\n",
    "cr = classification_report(Y_test, predicted_labels)\n",
    "print(\"Classification Report:\\n\", cr)"
   ]
  },
  {
   "cell_type": "markdown",
   "id": "47bd9939",
   "metadata": {},
   "source": [
    "### Logistic Regression"
   ]
  },
  {
   "cell_type": "code",
   "execution_count": null,
   "id": "460f186f",
   "metadata": {},
   "outputs": [
    {
     "name": "stdout",
     "output_type": "stream",
     "text": [
      "Accuracy: 0.862050614947966\n"
     ]
    }
   ],
   "source": [
    "pipeline = Pipeline([\n",
    "        ('median', SimpleImputer()),\n",
    "        ('scaler', StandardScaler()),\n",
    "        ('classifier',LogisticRegression())])\n",
    "\n",
    "pipeline.fit(X_train, Y_train)\n",
    "\n",
    "print(\"Accuracy:\", pipeline.score(X_test,Y_test ))\n",
    "\n",
    "# Confusion Matrix\n",
    "predicted_labels = pipeline.predict(X_test)\n",
    "cm = confusion_matrix(Y_test, predicted_labels)\n",
    "print(\"Confusion Matrix:\\n\", cm)\n",
    "\n",
    "# Classification Report\n",
    "cr = classification_report(Y_test, predicted_labels)\n",
    "print(\"Classification Report:\\n\", cr)\n"
   ]
  },
  {
   "cell_type": "markdown",
   "id": "a0019955-ba60-45c7-b840-96804cf3218a",
   "metadata": {},
   "source": [
    "### Random Forest"
   ]
  },
  {
   "cell_type": "code",
   "execution_count": null,
   "id": "3774c141-1d5f-40bb-a19c-fe9c6cbead00",
   "metadata": {},
   "outputs": [
    {
     "name": "stdout",
     "output_type": "stream",
     "text": [
      "RF accuracy: 0.86\n"
     ]
    }
   ],
   "source": [
    "# training of the model and prediction\n",
    "Y_pred = functions.RF_pred(X_train, Y_train, X_test)\n",
    "\n",
    "# accuracy\n",
    "functions.RF_accuracy(Y_test, Y_pred)\n",
    "\n",
    "# Confusion Matrix\n",
    "cm = confusion_matrix(Y_test, Y_pred)\n",
    "print(\"Confusion Matrix:\\n\", cm)\n",
    "\n",
    "# Classification Report\n",
    "cr = classification_report(Y_test, Y_pred)\n",
    "print(\"Classification Report:\\n\", cr)"
   ]
  },
  {
   "cell_type": "markdown",
   "id": "4398158d-05c2-4c3d-86c6-885832cfe697",
   "metadata": {},
   "source": [
    "### Neural Net"
   ]
  },
  {
   "cell_type": "code",
   "execution_count": 9,
   "id": "86eafe33",
   "metadata": {},
   "outputs": [],
   "source": [
    "#### Convert in tensor values ####\n",
    "\n",
    "X_train_tensor, Y_train_tensor, X_val_tensor, Y_val_tensor, X_test_tensor, Y_test_tensor = scaled_tensorize_data(X_train, Y_train, X_val, Y_val, X_test, Y_test)\n"
   ]
  },
  {
   "cell_type": "code",
   "execution_count": 10,
   "id": "898d0890",
   "metadata": {},
   "outputs": [],
   "source": [
    "from torch.utils.data import TensorDataset, DataLoader\n",
    "import math\n",
    "import os\n",
    "\n",
    "#### Create datasets ####\n",
    "train_ds = TensorDataset(X_train_tensor, Y_train_tensor)\n",
    "test_ds = TensorDataset(X_test_tensor, Y_test_tensor)\n",
    "\n",
    "#### Create dataloaders ####\n",
    "batch_size = 32\n",
    "train_loader = DataLoader(train_ds, batch_size=batch_size, shuffle=True,  pin_memory=True, num_workers=0)\n",
    "val_loader   = DataLoader(test_ds,   batch_size=batch_size, shuffle=False, pin_memory=True, num_workers=0)\n",
    "device = torch.device(\"cuda\" if torch.cuda.is_available() else \"cpu\")\n",
    "\n",
    "#### Initialize the model ####\n",
    "input_size = X_train.shape[1]\n",
    "hidden1_size = 32\n",
    "output_size = 1\n",
    "\n",
    "model = functions.initialize_MLP(input_size, hidden1_size, output_size)\n",
    "\n",
    "model = model.to(device)\n",
    "\n",
    "##### Define loss function and optimizer ####\n",
    "\n",
    "criterion = nn.CrossEntropyLoss()\n",
    "optimizer = optim.Adam(model.parameters(), lr=0.001)\n",
    "num_epochs = 50\n",
    "\n",
    "scheduler_type = 'plateau'  # 'step' or 'cosine' or 'plateau' or None"
   ]
  },
  {
   "cell_type": "code",
   "execution_count": 11,
   "id": "20114c82",
   "metadata": {},
   "outputs": [
    {
     "name": "stderr",
     "output_type": "stream",
     "text": [
      "c:\\Users\\alexd\\Github\\Intro-ML-Mini-Project\\.venv\\Lib\\site-packages\\torch\\utils\\data\\dataloader.py:668: UserWarning: 'pin_memory' argument is set as true but no accelerator is found, then device pinned memory won't be used.\n",
      "  warnings.warn(warn_msg)\n"
     ]
    },
    {
     "name": "stdout",
     "output_type": "stream",
     "text": [
      "[Epoch   1/50] LR 1.000e-03 | Train loss 14.1279  Train acc 70.93% | Val loss 14.0848  Val acc 71.13%\n"
     ]
    },
    {
     "ename": "KeyboardInterrupt",
     "evalue": "",
     "output_type": "error",
     "traceback": [
      "\u001b[31m---------------------------------------------------------------------------\u001b[39m",
      "\u001b[31mKeyboardInterrupt\u001b[39m                         Traceback (most recent call last)",
      "\u001b[36mCell\u001b[39m\u001b[36m \u001b[39m\u001b[32mIn[11]\u001b[39m\u001b[32m, line 1\u001b[39m\n\u001b[32m----> \u001b[39m\u001b[32m1\u001b[39m history = \u001b[43mtrain_model\u001b[49m\u001b[43m(\u001b[49m\n\u001b[32m      2\u001b[39m \u001b[43m    \u001b[49m\u001b[43mmodel\u001b[49m\u001b[43m,\u001b[49m\n\u001b[32m      3\u001b[39m \u001b[43m    \u001b[49m\u001b[43mtrain_loader\u001b[49m\u001b[43m,\u001b[49m\n\u001b[32m      4\u001b[39m \u001b[43m    \u001b[49m\u001b[43mval_loader\u001b[49m\u001b[43m,\u001b[49m\n\u001b[32m      5\u001b[39m \u001b[43m    \u001b[49m\u001b[43mcriterion\u001b[49m\u001b[43m,\u001b[49m\n\u001b[32m      6\u001b[39m \u001b[43m    \u001b[49m\u001b[43moptimizer\u001b[49m\u001b[43m,\u001b[49m\n\u001b[32m      7\u001b[39m \u001b[43m    \u001b[49m\u001b[43mdevice\u001b[49m\u001b[43m,\u001b[49m\n\u001b[32m      8\u001b[39m \u001b[43m    \u001b[49m\u001b[43mnum_epochs\u001b[49m\u001b[43m,\u001b[49m\n\u001b[32m      9\u001b[39m \u001b[43m    \u001b[49m\u001b[43mscheduler_type\u001b[49m\u001b[43m=\u001b[49m\u001b[43mscheduler_type\u001b[49m\u001b[43m,\u001b[49m\n\u001b[32m     10\u001b[39m \u001b[43m    \u001b[49m\u001b[43mprint_every_epochs\u001b[49m\u001b[43m=\u001b[49m\u001b[32;43m5\u001b[39;49m\n\u001b[32m     11\u001b[39m \u001b[43m)\u001b[49m\n",
      "\u001b[36mFile \u001b[39m\u001b[32mc:\\Users\\alexd\\Github\\Intro-ML-Mini-Project\\functions.py:266\u001b[39m, in \u001b[36mtrain_model\u001b[39m\u001b[34m(model, train_loader, val_loader, loss_fn, optimizer, device, epochs, scheduler_type, print_every_epochs, save_best_path)\u001b[39m\n\u001b[32m    264\u001b[39m outputs = model(Xb).squeeze()\n\u001b[32m    265\u001b[39m loss = loss_fn(outputs, yb)\n\u001b[32m--> \u001b[39m\u001b[32m266\u001b[39m \u001b[43mloss\u001b[49m\u001b[43m.\u001b[49m\u001b[43mbackward\u001b[49m\u001b[43m(\u001b[49m\u001b[43m)\u001b[49m\n\u001b[32m    267\u001b[39m optimizer.step()\n\u001b[32m    269\u001b[39m \u001b[38;5;66;03m# accumulate training loss & accuracy\u001b[39;00m\n",
      "\u001b[36mFile \u001b[39m\u001b[32mc:\\Users\\alexd\\Github\\Intro-ML-Mini-Project\\.venv\\Lib\\site-packages\\torch\\_tensor.py:625\u001b[39m, in \u001b[36mTensor.backward\u001b[39m\u001b[34m(self, gradient, retain_graph, create_graph, inputs)\u001b[39m\n\u001b[32m    615\u001b[39m \u001b[38;5;28;01mif\u001b[39;00m has_torch_function_unary(\u001b[38;5;28mself\u001b[39m):\n\u001b[32m    616\u001b[39m     \u001b[38;5;28;01mreturn\u001b[39;00m handle_torch_function(\n\u001b[32m    617\u001b[39m         Tensor.backward,\n\u001b[32m    618\u001b[39m         (\u001b[38;5;28mself\u001b[39m,),\n\u001b[32m   (...)\u001b[39m\u001b[32m    623\u001b[39m         inputs=inputs,\n\u001b[32m    624\u001b[39m     )\n\u001b[32m--> \u001b[39m\u001b[32m625\u001b[39m \u001b[43mtorch\u001b[49m\u001b[43m.\u001b[49m\u001b[43mautograd\u001b[49m\u001b[43m.\u001b[49m\u001b[43mbackward\u001b[49m\u001b[43m(\u001b[49m\n\u001b[32m    626\u001b[39m \u001b[43m    \u001b[49m\u001b[38;5;28;43mself\u001b[39;49m\u001b[43m,\u001b[49m\u001b[43m \u001b[49m\u001b[43mgradient\u001b[49m\u001b[43m,\u001b[49m\u001b[43m \u001b[49m\u001b[43mretain_graph\u001b[49m\u001b[43m,\u001b[49m\u001b[43m \u001b[49m\u001b[43mcreate_graph\u001b[49m\u001b[43m,\u001b[49m\u001b[43m \u001b[49m\u001b[43minputs\u001b[49m\u001b[43m=\u001b[49m\u001b[43minputs\u001b[49m\n\u001b[32m    627\u001b[39m \u001b[43m\u001b[49m\u001b[43m)\u001b[49m\n",
      "\u001b[36mFile \u001b[39m\u001b[32mc:\\Users\\alexd\\Github\\Intro-ML-Mini-Project\\.venv\\Lib\\site-packages\\torch\\autograd\\__init__.py:354\u001b[39m, in \u001b[36mbackward\u001b[39m\u001b[34m(tensors, grad_tensors, retain_graph, create_graph, grad_variables, inputs)\u001b[39m\n\u001b[32m    349\u001b[39m     retain_graph = create_graph\n\u001b[32m    351\u001b[39m \u001b[38;5;66;03m# The reason we repeat the same comment below is that\u001b[39;00m\n\u001b[32m    352\u001b[39m \u001b[38;5;66;03m# some Python versions print out the first line of a multi-line function\u001b[39;00m\n\u001b[32m    353\u001b[39m \u001b[38;5;66;03m# calls in the traceback and some print out the last line\u001b[39;00m\n\u001b[32m--> \u001b[39m\u001b[32m354\u001b[39m \u001b[43m_engine_run_backward\u001b[49m\u001b[43m(\u001b[49m\n\u001b[32m    355\u001b[39m \u001b[43m    \u001b[49m\u001b[43mtensors\u001b[49m\u001b[43m,\u001b[49m\n\u001b[32m    356\u001b[39m \u001b[43m    \u001b[49m\u001b[43mgrad_tensors_\u001b[49m\u001b[43m,\u001b[49m\n\u001b[32m    357\u001b[39m \u001b[43m    \u001b[49m\u001b[43mretain_graph\u001b[49m\u001b[43m,\u001b[49m\n\u001b[32m    358\u001b[39m \u001b[43m    \u001b[49m\u001b[43mcreate_graph\u001b[49m\u001b[43m,\u001b[49m\n\u001b[32m    359\u001b[39m \u001b[43m    \u001b[49m\u001b[43minputs_tuple\u001b[49m\u001b[43m,\u001b[49m\n\u001b[32m    360\u001b[39m \u001b[43m    \u001b[49m\u001b[43mallow_unreachable\u001b[49m\u001b[43m=\u001b[49m\u001b[38;5;28;43;01mTrue\u001b[39;49;00m\u001b[43m,\u001b[49m\n\u001b[32m    361\u001b[39m \u001b[43m    \u001b[49m\u001b[43maccumulate_grad\u001b[49m\u001b[43m=\u001b[49m\u001b[38;5;28;43;01mTrue\u001b[39;49;00m\u001b[43m,\u001b[49m\n\u001b[32m    362\u001b[39m \u001b[43m\u001b[49m\u001b[43m)\u001b[49m\n",
      "\u001b[36mFile \u001b[39m\u001b[32mc:\\Users\\alexd\\Github\\Intro-ML-Mini-Project\\.venv\\Lib\\site-packages\\torch\\autograd\\graph.py:841\u001b[39m, in \u001b[36m_engine_run_backward\u001b[39m\u001b[34m(t_outputs, *args, **kwargs)\u001b[39m\n\u001b[32m    839\u001b[39m     unregister_hooks = _register_logging_hooks_on_whole_graph(t_outputs)\n\u001b[32m    840\u001b[39m \u001b[38;5;28;01mtry\u001b[39;00m:\n\u001b[32m--> \u001b[39m\u001b[32m841\u001b[39m     \u001b[38;5;28;01mreturn\u001b[39;00m \u001b[43mVariable\u001b[49m\u001b[43m.\u001b[49m\u001b[43m_execution_engine\u001b[49m\u001b[43m.\u001b[49m\u001b[43mrun_backward\u001b[49m\u001b[43m(\u001b[49m\u001b[43m  \u001b[49m\u001b[38;5;66;43;03m# Calls into the C++ engine to run the backward pass\u001b[39;49;00m\n\u001b[32m    842\u001b[39m \u001b[43m        \u001b[49m\u001b[43mt_outputs\u001b[49m\u001b[43m,\u001b[49m\u001b[43m \u001b[49m\u001b[43m*\u001b[49m\u001b[43margs\u001b[49m\u001b[43m,\u001b[49m\u001b[43m \u001b[49m\u001b[43m*\u001b[49m\u001b[43m*\u001b[49m\u001b[43mkwargs\u001b[49m\n\u001b[32m    843\u001b[39m \u001b[43m    \u001b[49m\u001b[43m)\u001b[49m  \u001b[38;5;66;03m# Calls into the C++ engine to run the backward pass\u001b[39;00m\n\u001b[32m    844\u001b[39m \u001b[38;5;28;01mfinally\u001b[39;00m:\n\u001b[32m    845\u001b[39m     \u001b[38;5;28;01mif\u001b[39;00m attach_logging_hooks:\n",
      "\u001b[31mKeyboardInterrupt\u001b[39m: "
     ]
    }
   ],
   "source": [
    "history = train_model(\n",
    "    model,\n",
    "    train_loader,\n",
    "    val_loader,\n",
    "    criterion,\n",
    "    optimizer,\n",
    "    device,\n",
    "    num_epochs,\n",
    "    scheduler_type=scheduler_type,\n",
    "    print_every_epochs=5\n",
    ")"
   ]
  },
  {
   "cell_type": "code",
   "execution_count": null,
   "id": "36a87a8c",
   "metadata": {},
   "outputs": [
    {
     "data": {
